Imu is subcribing!!!!!
get_sensor：0
time:0
mav_q  -0.706119
0.000435938
0.000163981
  -0.708093
img_imu is init:0
Step1!!!!:
IMG is coming!!!!!
img_x:238
img_y:178
Imu is subcribing!!!!!
get_sensor：1
time:0.01703
mav_q  -0.706145
0.000457936
0.000188625
  -0.708067
dMq_pre: 1 -0 -0 -0
 0  1  0 -0
 0 -0  1  0
 0  0 -0  1
Phi_1 is ok!!
Phi all is ok!!
GG all is ok!!
img_imu is init:1
Step1!!!!:
Predict is entering!!!!
dMq_pre:           1  3.30624e-05  1.35248e-05  3.34013e-05
-3.30624e-05            1 -3.34013e-05  1.35248e-05
-1.35248e-05  3.34013e-05            1 -3.30624e-05
-3.34013e-05 -1.35248e-05  3.30624e-05            1
Phi_1 is ok!!
Phi all is ok!!
GG all is ok!!
Pre_x:237.995
Pre_y:177.995
Predict is success!!!!
loop_cnt:1
ekf_x:237.995
ekf_y:177.995
Imu is subcribing!!!!!
get_sensor：1
time:0.0860119
mav_q  -0.706169
0.000485418
0.000226538
  -0.708043
img_imu is init:1
Step1!!!!:
Predict is entering!!!!
dMq_pre:           1  0.000133923  5.47835e-05  0.000135296
-0.000133923            1 -0.000135296  5.47835e-05
-5.47835e-05  0.000135296            1 -0.000133923
-0.000135296 -5.47835e-05  0.000133923            1
Phi_1 is ok!!
Phi all is ok!!
GG all is ok!!
Pre_x:237.976
Pre_y:177.975
Predict is success!!!!
loop_cnt:2
ekf_x:237.976
ekf_y:177.975
IMG is coming!!!!!
img_x:238
img_y:178
Imu is subcribing!!!!!
get_sensor：1
time:0.0865135
mav_q  -0.706177
 0.00048071
0.000231603
  -0.708036
img_imu is init:1
Step1!!!!:
dMq_pre:           1  1.40889e-06 -5.13776e-08  9.57214e-07
-1.40889e-06            1 -9.57214e-07 -5.13776e-08
 5.13776e-08  9.57214e-07            1 -1.40889e-06
-9.57214e-07  5.13776e-08  1.40889e-06            1
Phi_1 is ok!!
Phi all is ok!!
GG all is ok!!
IMG_x:238
IMG_y:178
loop KK success!!!!
loop step1 success!!!!1
loop:1
loop_img step2 is success!!!!
loop step2 success!!!!2
loop:2
loop_img step2 is success!!!!
loop step2 success!!!!3
loop:3
update_x:237.978
update_y:177.977
Img has been dealing!
loop_cnt:0
ekf_x:237.978
ekf_y:177.977
Imu is subcribing!!!!!
get_sensor：1
time:0.0949569
mav_q  -0.706138
 0.00050228
0.000257877
  -0.708074
img_imu is init:1
Step1!!!!:
Predict is entering!!!!
dMq_pre:           1  1.88584e-06  1.29733e-06  5.67036e-06
-1.88584e-06            1 -5.67036e-06  1.29733e-06
-1.29733e-06  5.67036e-06            1 -1.88584e-06
-5.67036e-06 -1.29733e-06  1.88584e-06            1
Phi_1 is ok!!
Phi all is ok!!
GG all is ok!!
Pre_x:237.977
Pre_y:177.978
Predict is success!!!!
loop_cnt:1
ekf_x:237.977
ekf_y:177.978
IMG is coming!!!!!
img_x:238
img_y:177
Imu is subcribing!!!!!
get_sensor：1
time:0.104575
mav_q  -0.706157
0.000520013
 0.00021613
  -0.708055
img_imu is init:1
Step1!!!!:
dMq_pre:           1  1.50699e-05   7.2335e-06 -2.72451e-05
-1.50699e-05            1  2.72451e-05   7.2335e-06
 -7.2335e-06 -2.72451e-05            1 -1.50699e-05
 2.72451e-05  -7.2335e-06  1.50699e-05            1
Phi_1 is ok!!
Phi all is ok!!
GG all is ok!!
IMG_x:238
IMG_y:177
loop KK success!!!!
loop step1 success!!!!1
loop:1
loop_img step2 is success!!!!
loop step2 success!!!!2
loop:2
update_x:237.993
update_y:177.494
Img has been dealing!
loop_cnt:0
ekf_x:237.993
ekf_y:177.494
Imu is subcribing!!!!!
get_sensor：1
time:0.117239
mav_q  -0.706134
0.000540896
  0.0002143
  -0.708078
img_imu is init:1
Step1!!!!:
Predict is entering!!!!
dMq_pre:           1 -1.55485e-05  -3.0913e-05  3.57165e-05
 1.55485e-05            1 -3.57165e-05  -3.0913e-05
  3.0913e-05  3.57165e-05            1  1.55485e-05
-3.57165e-05   3.0913e-05 -1.55485e-05            1
Phi_1 is ok!!
Phi all is ok!!
GG all is ok!!
Pre_x:237.984
Pre_y:177.498
Predict is success!!!!
loop_cnt:1
ekf_x:237.984
ekf_y:177.498
IMG is coming!!!!!
img_x:238
img_y:177
Imu is subcribing!!!!!
get_sensor：1
time:0.139302
mav_q  -0.706142
0.000522628
0.000197241
   -0.70807
img_imu is init:1
Step1!!!!:
dMq_pre:           1  4.24095e-05 -4.35463e-05 -4.34805e-05
-4.24095e-05            1  4.34805e-05 -4.35463e-05
 4.35463e-05 -4.34805e-05            1 -4.24095e-05
 4.34805e-05  4.35463e-05  4.24095e-05            1
Phi_1 is ok!!
Phi all is ok!!
GG all is ok!!
IMG_x:238
IMG_y:177
loop KK success!!!!
loop step1 success!!!!1
loop:1
loop_img step2 is success!!!!
loop step2 success!!!!2
loop:2
update_x:237.995
update_y:177.317
Img has been dealing!
loop_cnt:0
ekf_x:237.995
ekf_y:177.317
Imu is subcribing!!!!!
get_sensor：1
time:0.156961
mav_q  -0.706162
0.000488932
0.000206899
   -0.70805
img_imu is init:1
Step1!!!!:
Predict is entering!!!!
dMq_pre:           1 -8.57907e-07 -7.42206e-06  5.42849e-07
 8.57907e-07            1 -5.42849e-07 -7.42206e-06
 7.42206e-06  5.42849e-07            1  8.57907e-07
-5.42849e-07  7.42206e-06 -8.57907e-07            1
Phi_1 is ok!!
Phi all is ok!!
GG all is ok!!
Pre_x:237.992
Pre_y:177.324
Predict is success!!!!
loop_cnt:1
ekf_x:237.992
ekf_y:177.324
IMG is coming!!!!!
img_x:237
img_y:178
Imu is subcribing!!!!!
get_sensor：1
time:0.181973
mav_q  -0.706181
0.000495081
0.000209806
  -0.708031
img_imu is init:1
Step1!!!!:
dMq_pre:           1  -1.6245e-05   2.6603e-05  3.72029e-05
  1.6245e-05            1 -3.72029e-05   2.6603e-05
 -2.6603e-05  3.72029e-05            1   1.6245e-05
-3.72029e-05  -2.6603e-05  -1.6245e-05            1
Phi_1 is ok!!
Phi all is ok!!
GG all is ok!!
IMG_x:237
IMG_y:178
loop KK success!!!!
loop step1 success!!!!1
loop:1
loop_img step2 is success!!!!
loop step2 success!!!!2
loop:2
update_x:237.651
update_y:177.562
Img has been dealing!
loop_cnt:0
ekf_x:237.651
ekf_y:177.562
Imu is subcribing!!!!!
get_sensor：1
time:0.197963
mav_q  -0.706188
0.000503966
0.000194302
  -0.708024
img_imu is init:1
Step1!!!!:
Predict is entering!!!!
dMq_pre:           1 -2.35537e-06 -2.06626e-05  2.60463e-05
 2.35537e-06            1 -2.60463e-05 -2.06626e-05
 2.06626e-05  2.60463e-05            1  2.35537e-06
-2.60463e-05  2.06626e-05 -2.35537e-06            1
Phi_1 is ok!!
Phi all is ok!!
GG all is ok!!
Pre_x:237.635
Pre_y:177.563
Predict is success!!!!
loop_cnt:1
ekf_x:237.635
ekf_y:177.563
IMG is coming!!!!!
img_x:238
img_y:178
Imu is subcribing!!!!!
get_sensor：1
time:0.219131
mav_q  -0.706172
0.000535236
0.000214948
  -0.708041
img_imu is init:1
Step1!!!!:
dMq_pre:           1   2.0992e-05 -6.61911e-06  5.05469e-05
 -2.0992e-05            1 -5.05469e-05 -6.61911e-06
 6.61911e-06  5.05469e-05            1  -2.0992e-05
-5.05469e-05  6.61911e-06   2.0992e-05            1
Phi_1 is ok!!
Phi all is ok!!
GG all is ok!!
IMG_x:238
IMG_y:178
loop KK success!!!!
loop step1 success!!!!1
loop:1
loop_img step2 is success!!!!
loop step2 success!!!!2
loop:2
update_x:237.747
update_y:177.708
Img has been dealing!
loop_cnt:0
ekf_x:237.747
ekf_y:177.708
IMG is coming!!!!!
img_x:238
img_y:178
Imu is subcribing!!!!!
get_sensor：1
time:0.2377
mav_q  -0.706198
0.000496639
0.000223959
  -0.708015
img_imu is init:1
Step1!!!!:
dMq_pre:           1  2.61334e-05  3.56814e-07 -2.60082e-05
-2.61334e-05            1  2.60082e-05  3.56814e-07
-3.56814e-07 -2.60082e-05            1 -2.61334e-05
 2.60082e-05 -3.56814e-07  2.61334e-05            1
Phi_1 is ok!!
Phi all is ok!!
GG all is ok!!
IMG_x:238
IMG_y:178
loop KK success!!!!
loop step1 success!!!!1
loop:1
update_x:237.828
update_y:177.798
Img has been dealing!
loop_cnt:0
ekf_x:237.828
ekf_y:177.798
Imu is subcribing!!!!!
get_sensor：1
time:0.257459
mav_q  -0.706224
0.000460207
0.000220689
  -0.707989
img_imu is init:1
Step1!!!!:
Predict is entering!!!!
dMq_pre:           1 -4.49017e-05  2.46058e-05   6.0298e-05
 4.49017e-05            1  -6.0298e-05  2.46058e-05
-2.46058e-05   6.0298e-05            1  4.49017e-05
 -6.0298e-05 -2.46058e-05 -4.49017e-05            1
Phi_1 is ok!!
Phi all is ok!!
GG all is ok!!
Pre_x:237.813
Pre_y:177.796
Predict is success!!!!
loop_cnt:1
ekf_x:237.813
ekf_y:177.796
IMG is coming!!!!!
img_x:237
img_y:178
Imu is subcribing!!!!!
get_sensor：1
time:0.277629
mav_q   -0.70625
0.000459093
0.000208046
  -0.707963
img_imu is init:1
Step1!!!!:
dMq_pre:           1 -1.31631e-05  4.74151e-05  4.27307e-05
 1.31631e-05            1 -4.27307e-05  4.74151e-05
-4.74151e-05  4.27307e-05            1  1.31631e-05
-4.27307e-05 -4.74151e-05 -1.31631e-05            1
Phi_1 is ok!!
Phi all is ok!!
GG all is ok!!
IMG_x:237
IMG_y:178
loop KK success!!!!
loop step1 success!!!!1
loop:1
loop_img step2 is success!!!!
loop step2 success!!!!2
loop:2
update_x:237.539
update_y:177.843
Img has been dealing!
loop_cnt:0
ekf_x:237.539
ekf_y:177.843
Imu is subcribing!!!!!
get_sensor：1
time:0.298061
mav_q  -0.706258
0.000433349
  0.0001952
  -0.707955
img_imu is init:1
Step1!!!!:
Predict is entering!!!!
dMq_pre:           1 -1.78454e-05 -1.17627e-05  4.40773e-05
 1.78454e-05            1 -4.40773e-05 -1.17627e-05
 1.17627e-05  4.40773e-05            1  1.78454e-05
-4.40773e-05  1.17627e-05 -1.78454e-05            1
Phi_1 is ok!!
Phi all is ok!!
GG all is ok!!
Pre_x:237.52
Pre_y:177.812
Predict is success!!!!
loop_cnt:1
ekf_x:237.52
ekf_y:177.812
IMG is coming!!!!!
img_x:238
img_y:178
Imu is subcribing!!!!!
get_sensor：1
time:0.318799
mav_q  -0.706247
0.000446965
 0.00022291
  -0.707966
img_imu is init:1
Step1!!!!:
dMq_pre:           1 -6.47224e-06  8.77542e-07  3.26007e-05
 6.47224e-06            1 -3.26007e-05  8.77542e-07
-8.77542e-07  3.26007e-05            1  6.47224e-06
-3.26007e-05 -8.77542e-07 -6.47224e-06            1
Phi_1 is ok!!
Phi all is ok!!
GG all is ok!!
IMG_x:238
IMG_y:178
loop KK success!!!!
loop step1 success!!!!1
loop:1
loop_img step2 is success!!!!
loop step2 success!!!!2
loop:2
update_x:237.691
update_y:177.842
Img has been dealing!
loop_cnt:0
ekf_x:237.691
ekf_y:177.842
Imu is subcribing!!!!!
get_sensor：1
time:0.341041
mav_q  -0.706241
0.000437691
0.000282247
  -0.707971
img_imu is init:1
Step1!!!!:
Predict is entering!!!!
dMq_pre:           1  2.90976e-05  1.32998e-05 -2.29735e-05
-2.90976e-05            1  2.29735e-05  1.32998e-05
-1.32998e-05 -2.29735e-05            1 -2.90976e-05
 2.29735e-05 -1.32998e-05  2.90976e-05            1
Phi_1 is ok!!
Phi all is ok!!
GG all is ok!!
Pre_x:237.693
Pre_y:177.778
Predict is success!!!!
loop_cnt:1
ekf_x:237.693
ekf_y:177.778
Imu is subcribing!!!!!
get_sensor：1
time:0.357829
mav_q  -0.706238
0.000412501
0.000290817
  -0.707975
img_imu is init:1
Step1!!!!:
Predict is entering!!!!
dMq_pre:           1  4.49142e-05  5.33361e-05 -1.14876e-05
-4.49142e-05            1  1.14876e-05  5.33361e-05
-5.33361e-05 -1.14876e-05            1 -4.49142e-05
 1.14876e-05 -5.33361e-05  4.49142e-05            1
Phi_1 is ok!!
Phi all is ok!!
GG all is ok!!
Pre_x:237.695
Pre_y:177.719
Predict is success!!!!
loop_cnt:2
ekf_x:237.695
ekf_y:177.719
IMG is coming!!!!!
img_x:237
img_y:178
Imu is subcribing!!!!!
get_sensor：1
time:0.377831
mav_q  -0.706262
 0.00042774
0.000308565
  -0.707951
img_imu is init:1
Step1!!!!:
dMq_pre:           1 -4.11226e-05 -5.44332e-07  3.13308e-05
 4.11226e-05            1 -3.13308e-05 -5.44332e-07
 5.44332e-07  3.13308e-05            1  4.11226e-05
-3.13308e-05  5.44332e-07 -4.11226e-05            1
Phi_1 is ok!!
Phi all is ok!!
GG all is ok!!
IMG_x:237
IMG_y:178
loop KK success!!!!
loop step1 success!!!!1
loop:1
loop_img step2 is success!!!!
loop step2 success!!!!2
loop:2
loop_img step2 is success!!!!
loop step2 success!!!!3
loop:3
update_x:237.296
update_y:177.766
Img has been dealing!
loop_cnt:0
ekf_x:237.296
ekf_y:177.766
Imu is subcribing!!!!!
get_sensor：1
time:0.399834
mav_q  -0.706241
 0.00037068
0.000307368
  -0.707971
img_imu is init:1
Step1!!!!:
Predict is entering!!!!
dMq_pre:           1  5.25518e-05  3.64007e-05  5.84465e-05
-5.25518e-05            1 -5.84465e-05  3.64007e-05
-3.64007e-05  5.84465e-05            1 -5.25518e-05
-5.84465e-05 -3.64007e-05  5.25518e-05            1
Phi_1 is ok!!
Phi all is ok!!
GG all is ok!!
Pre_x:237.28
Pre_y:177.631
Predict is success!!!!
loop_cnt:1
ekf_x:237.28
ekf_y:177.631
Imu is subcribing!!!!!
get_sensor：1
time:0.417743
mav_q  -0.706235
0.000324793
0.000299502
  -0.707978
img_imu is init:1
Step1!!!!:
Predict is entering!!!!
dMq_pre:           1 -4.99656e-05  4.61855e-05 -3.15673e-05
 4.99656e-05            1  3.15673e-05  4.61855e-05
-4.61855e-05 -3.15673e-05            1  4.99656e-05
 3.15673e-05 -4.61855e-05 -4.99656e-05            1
Phi_1 is ok!!
Phi all is ok!!
GG all is ok!!
Pre_x:237.276
Pre_y:177.536
Predict is success!!!!
loop_cnt:2
ekf_x:237.276
ekf_y:177.536
IMG is coming!!!!!
img_x:238
img_y:177
Imu is subcribing!!!!!
get_sensor：1
time:0.43851
mav_q  -0.706241
0.000316936
0.000281706
  -0.707971
img_imu is init:1
Step1!!!!:
dMq_pre:           1  -2.1466e-05  1.17402e-05  2.35464e-05
  2.1466e-05            1 -2.35464e-05  1.17402e-05
-1.17402e-05  2.35464e-05            1   2.1466e-05
-2.35464e-05 -1.17402e-05  -2.1466e-05            1
Phi_1 is ok!!
Phi all is ok!!
GG all is ok!!
IMG_x:238
IMG_y:177
loop KK success!!!!
loop step1 success!!!!1
loop:1
loop_img step2 is success!!!!
loop step2 success!!!!2
loop:2
loop_img step2 is success!!!!
loop step2 success!!!!3
loop:3
update_x:237.727
update_y:176.975
Img has been dealing!
loop_cnt:0
ekf_x:237.727
ekf_y:176.975
IMG is coming!!!!!
img_x:238
img_y:178
Imu is subcribing!!!!!
get_sensor：1
time:0.461543
mav_q  -0.706237
0.000318094
 0.00028874
  -0.707976
img_imu is init:1
Step1!!!!:
dMq_pre:           1 -1.11194e-05 -2.27882e-06  9.59258e-06
 1.11194e-05            1 -9.59258e-06 -2.27882e-06
 2.27882e-06  9.59258e-06            1  1.11194e-05
-9.59258e-06  2.27882e-06 -1.11194e-05            1
Phi_1 is ok!!
Phi all is ok!!
GG all is ok!!
IMG_x:238
IMG_y:178
loop KK success!!!!
loop step1 success!!!!1
loop:1
update_x:237.878
update_y:177.523
Img has been dealing!
loop_cnt:0
ekf_x:237.878
ekf_y:177.523
Imu is subcribing!!!!!
get_sensor：1
time:0.482424
mav_q  -0.706261
0.000332002
0.000306965
  -0.707951
img_imu is init:1
Step1!!!!:
Predict is entering!!!!
dMq_pre:           1  7.20285e-06  1.67989e-05 -7.88007e-06
-7.20285e-06            1  7.88007e-06  1.67989e-05
-1.67989e-05 -7.88007e-06            1 -7.20285e-06
 7.88007e-06 -1.67989e-05  7.20285e-06            1
Phi_1 is ok!!
Phi all is ok!!
GG all is ok!!
Pre_x:237.883
Pre_y:177.345
Predict is success!!!!
loop_cnt:1
ekf_x:237.883
ekf_y:177.345
Imu is subcribing!!!!!
get_sensor：1
time:0.501656
mav_q  -0.706283
0.000369469
0.000278954
   -0.70793
img_imu is init:1
Step1!!!!:
Predict is entering!!!!
dMq_pre:           1  1.61365e-05  2.31213e-05  5.63714e-05
-1.61365e-05            1 -5.63714e-05  2.31213e-05
-2.31213e-05  5.63714e-05            1 -1.61365e-05
-5.63714e-05 -2.31213e-05  1.61365e-05            1
Phi_1 is ok!!
Phi all is ok!!
GG all is ok!!
Pre_x:237.88
Pre_y:177.162
Predict is success!!!!
loop_cnt:2
ekf_x:237.88
ekf_y:177.162
IMG is coming!!!!!
img_x:237
img_y:178
Imu is subcribing!!!!!
get_sensor：1
time:0.522227
mav_q  -0.706252
0.000363469
0.000269915
   -0.70796
img_imu is init:1
Step1!!!!:
dMq_pre:           1  4.50169e-06 -5.09424e-05     3.22e-05
-4.50169e-06            1    -3.22e-05 -5.09424e-05
 5.09424e-05     3.22e-05            1 -4.50169e-06
   -3.22e-05  5.09424e-05  4.50169e-06            1
Phi_1 is ok!!
Phi all is ok!!
GG all is ok!!
IMG_x:237
IMG_y:178
loop KK success!!!!
loop step1 success!!!!1
loop:1
loop_img step2 is success!!!!
loop step2 success!!!!2
loop:2
loop_img step2 is success!!!!
loop step2 success!!!!3
loop:3
update_x:237.378
update_y:177.271
Img has been dealing!
loop_cnt:0
ekf_x:237.378
ekf_y:177.271
Imu is subcribing!!!!!
get_sensor：1
time:0.538539
mav_q  -0.706233
0.000360147
0.000288944
  -0.707979
img_imu is init:1
Step1!!!!:
Predict is entering!!!!
dMq_pre:           1 -3.19729e-05  2.59055e-05  -3.3353e-05
 3.19729e-05            1   3.3353e-05  2.59055e-05
-2.59055e-05  -3.3353e-05            1  3.19729e-05
  3.3353e-05 -2.59055e-05 -3.19729e-05            1
Phi_1 is ok!!
Phi all is ok!!
GG all is ok!!
Pre_x:237.388
Pre_y:177.051
Predict is success!!!!
loop_cnt:1
ekf_x:237.388
ekf_y:177.051
IMG is coming!!!!!
img_x:238
img_y:178
Imu is subcribing!!!!!
get_sensor：1
time:0.562352
mav_q  -0.706216
 0.00032044
0.000274932
  -0.707997
img_imu is init:1
Step1!!!!:
dMq_pre:           1 -1.98265e-05  3.05798e-05 -3.99041e-05
 1.98265e-05            1  3.99041e-05  3.05798e-05
-3.05798e-05 -3.99041e-05            1  1.98265e-05
 3.99041e-05 -3.05798e-05 -1.98265e-05            1
Phi_1 is ok!!
Phi all is ok!!
GG all is ok!!
IMG_x:238
IMG_y:178
loop KK success!!!!
loop step1 success!!!!1
loop:1
loop_img step2 is success!!!!
loop step2 success!!!!2
loop:2
update_x:237.722
update_y:177.179
Img has been dealing!
loop_cnt:0
ekf_x:237.722
ekf_y:177.179
Imu is subcribing!!!!!
get_sensor：1
time:0.577952
mav_q  -0.706219
0.000359569
  0.0002672
  -0.707994
img_imu is init:1
Step1!!!!:
Predict is entering!!!!
dMq_pre:           1 -1.96544e-05  1.08163e-05  1.99647e-06
 1.96544e-05            1 -1.99647e-06  1.08163e-05
-1.08163e-05  1.99647e-06            1  1.96544e-05
-1.99647e-06 -1.08163e-05 -1.96544e-05            1
Phi_1 is ok!!
Phi all is ok!!
GG all is ok!!
Pre_x:237.733
Pre_y:176.9
Predict is success!!!!
loop_cnt:1
ekf_x:237.733
ekf_y:176.9
Imu is subcribing!!!!!
get_sensor：1
time:0.599318
mav_q  -0.706184
0.000347261
0.000292654
  -0.708029
img_imu is init:1
Step1!!!!:
Predict is entering!!!!
dMq_pre:           1   2.9537e-05 -3.43651e-05  1.10067e-05
 -2.9537e-05            1 -1.10067e-05 -3.43651e-05
 3.43651e-05  1.10067e-05            1  -2.9537e-05
-1.10067e-05  3.43651e-05   2.9537e-05            1
Phi_1 is ok!!
Phi all is ok!!
GG all is ok!!
Pre_x:237.752
Pre_y:176.474
Predict is success!!!!
loop_cnt:2
ekf_x:237.752
ekf_y:176.474
IMG is coming!!!!!
img_x:238
img_y:178
Imu is subcribing!!!!!
get_sensor：1
time:0.620107
mav_q  -0.706185
0.000340806
0.000270154
  -0.708028
img_imu is init:1
Step1!!!!:
dMq_pre:           1  1.85317e-06  2.33471e-05 -3.58814e-05
-1.85317e-06            1  3.58814e-05  2.33471e-05
-2.33471e-05 -3.58814e-05            1 -1.85317e-06
 3.58814e-05 -2.33471e-05  1.85317e-06            1
Phi_1 is ok!!
Phi all is ok!!
GG all is ok!!
IMG_x:238
IMG_y:178
loop KK success!!!!
loop step1 success!!!!1
loop:1
loop_img step2 is success!!!!
loop step2 success!!!!2
loop:2
loop_img step2 is success!!!!
loop step2 success!!!!3
loop:3
update_x:237.936
update_y:176.507
Img has been dealing!
loop_cnt:0
ekf_x:237.936
ekf_y:176.507
Imu is subcribing!!!!!
get_sensor：1
time:0.638307
mav_q   -0.70619
0.000338735
0.000255075
  -0.708022
img_imu is init:1
Step1!!!!:
Predict is entering!!!!
dMq_pre:           1 -2.56167e-05  9.70976e-06  1.29632e-05
 2.56167e-05            1 -1.29632e-05  9.70976e-06
-9.70976e-06  1.29632e-05            1  2.56167e-05
-1.29632e-05 -9.70976e-06 -2.56167e-05            1
Phi_1 is ok!!
Phi all is ok!!
GG all is ok!!
Pre_x:237.964
Pre_y:176.02
Predict is success!!!!
loop_cnt:1
ekf_x:237.964
ekf_y:176.02
IMG is coming!!!!!
img_x:237
img_y:178
Imu is subcribing!!!!!
get_sensor：1
time:0.658883
mav_q  -0.706173
0.000363939
  0.0002522
  -0.708039
img_imu is init:1
Step1!!!!:
dMq_pre:           1  -2.3753e-05  1.40555e-05  6.47919e-06
  2.3753e-05            1 -6.47919e-06  1.40555e-05
-1.40555e-05  6.47919e-06            1   2.3753e-05
-6.47919e-06 -1.40555e-05  -2.3753e-05            1
Phi_1 is ok!!
Phi all is ok!!
GG all is ok!!
IMG_x:237
IMG_y:178
loop KK success!!!!
loop step1 success!!!!1
loop:1
loop_img step2 is success!!!!
loop step2 success!!!!2
loop:2
update_x:237.531
update_y:176.394
Img has been dealing!
loop_cnt:0
ekf_x:237.531
ekf_y:176.394
Imu is subcribing!!!!!
get_sensor：1
time:0.683112
mav_q  -0.706209
0.000328368
0.000279917
  -0.708004
img_imu is init:1
Step1!!!!:
Predict is entering!!!!
dMq_pre:           1  3.27427e-05 -3.42994e-05 -1.44707e-05
-3.27427e-05            1  1.44707e-05 -3.42994e-05
 3.42994e-05 -1.44707e-05            1 -3.27427e-05
 1.44707e-05  3.42994e-05  3.27427e-05            1
Phi_1 is ok!!
Phi all is ok!!
GG all is ok!!
Pre_x:237.594
Pre_y:175.527
Predict is success!!!!
loop_cnt:1
ekf_x:237.594
ekf_y:175.527
IMG is coming!!!!!
img_x:238
img_y:177
Imu is subcribing!!!!!
get_sensor：1
time:0.701785
mav_q  -0.706205
0.000375137
0.000296179
  -0.708008
img_imu is init:1
Step1!!!!:
dMq_pre:           1 -1.95058e-05  3.09875e-05  4.26853e-05
 1.95058e-05            1 -4.26853e-05  3.09875e-05
-3.09875e-05  4.26853e-05            1  1.95058e-05
-4.26853e-05 -3.09875e-05 -1.95058e-05            1
Phi_1 is ok!!
Phi all is ok!!
GG all is ok!!
IMG_x:238
IMG_y:177
loop KK success!!!!
loop step1 success!!!!1
loop:1
loop_img step2 is success!!!!
loop step2 success!!!!2
loop:2
update_x:237.815
update_y:175.464
Img has been dealing!
loop_cnt:0
ekf_x:237.815
ekf_y:175.464
Imu is subcribing!!!!!
get_sensor：1
time:0.723454
mav_q  -0.706215
0.000354014
0.000285824
  -0.707997
img_imu is init:1
Step1!!!!:
Predict is entering!!!!
dMq_pre:           1  7.22901e-05 -2.54702e-05 -1.18474e-05
-7.22901e-05            1  1.18474e-05 -2.54702e-05
 2.54702e-05 -1.18474e-05            1 -7.22901e-05
 1.18474e-05  2.54702e-05  7.22901e-05            1
Phi_1 is ok!!
Phi all is ok!!
GG all is ok!!
Pre_x:237.89
Pre_y:174.524
Predict is success!!!!
loop_cnt:1
ekf_x:237.89
ekf_y:174.524
Imu is subcribing!!!!!
get_sensor：1
time:0.740164
mav_q  -0.706233
0.000332307
0.000275081
  -0.707979
img_imu is init:1
Step1!!!!:
Predict is entering!!!!
dMq_pre:           1 -1.28495e-05 -1.17483e-05  3.68793e-05
 1.28495e-05            1 -3.68793e-05 -1.17483e-05
 1.17483e-05  3.68793e-05            1  1.28495e-05
-3.68793e-05  1.17483e-05 -1.28495e-05            1
Phi_1 is ok!!
Phi all is ok!!
GG all is ok!!
Pre_x:237.939
Pre_y:173.773
Predict is success!!!!
loop_cnt:2
ekf_x:237.939
ekf_y:173.773
IMG is coming!!!!!
img_x:237
img_y:178
Imu is subcribing!!!!!
get_sensor：1
time:0.762283
mav_q   -0.70622
0.000337151
0.000309504
  -0.707993
img_imu is init:1
Step1!!!!:
dMq_pre:           1 -2.44243e-05  1.67958e-05  3.13802e-05
 2.44243e-05            1 -3.13802e-05  1.67958e-05
-1.67958e-05  3.13802e-05            1  2.44243e-05
-3.13802e-05 -1.67958e-05 -2.44243e-05            1
Phi_1 is ok!!
Phi all is ok!!
GG all is ok!!
IMG_x:237
IMG_y:178
loop KK success!!!!
loop step1 success!!!!1
loop:1
loop_img step2 is success!!!!
loop step2 success!!!!2
loop:2
loop_img step2 is success!!!!
loop step2 success!!!!3
loop:3
update_x:237.63
update_y:174.013
Img has been dealing!
loop_cnt:0
ekf_x:237.63
ekf_y:174.013
Imu is subcribing!!!!!
get_sensor：1
time:0.778426
mav_q  -0.706263
0.000356291
0.000326928
  -0.707949
img_imu is init:1
Step1!!!!:
Predict is entering!!!!
dMq_pre:           1  2.57683e-05  -3.7587e-05 -9.50726e-07
-2.57683e-05            1  9.50726e-07  -3.7587e-05
  3.7587e-05 -9.50726e-07            1 -2.57683e-05
 9.50726e-07   3.7587e-05  2.57683e-05            1
Phi_1 is ok!!
Phi all is ok!!
GG all is ok!!
Pre_x:237.717
Pre_y:173.011
Predict is success!!!!
loop_cnt:1
ekf_x:237.717
ekf_y:173.011
Imu is subcribing!!!!!
get_sensor：1
time:0.805359
mav_q  -0.706258
0.000369774
0.000229402
  -0.707954
img_imu is init:1
Step1!!!!:
Predict is entering!!!!
dMq_pre:           1  5.26091e-05 -2.89682e-05  8.46828e-05
-5.26091e-05            1 -8.46828e-05 -2.89682e-05
 2.89682e-05  8.46828e-05            1 -5.26091e-05
-8.46828e-05  2.89682e-05  5.26091e-05            1
Phi_1 is ok!!
Phi all is ok!!
GG all is ok!!
Pre_x:237.86
Pre_y:171.278
Predict is success!!!!
loop_cnt:2
ekf_x:237.86
ekf_y:171.278
IMG is coming!!!!!
img_x:237
img_y:178
Imu is subcribing!!!!!
get_sensor：1
time:0.823146
mav_q  -0.706261
0.000369859
0.000216755
  -0.707951
img_imu is init:1
Step1!!!!:
dMq_pre:           1 -4.37879e-06 -7.82778e-05 -2.76067e-05
 4.37879e-06            1  2.76067e-05 -7.82778e-05
 7.82778e-05 -2.76067e-05            1  4.37879e-06
 2.76067e-05  7.82778e-05 -4.37879e-06            1
Phi_1 is ok!!
Phi all is ok!!
GG all is ok!!
IMG_x:237
IMG_y:178
loop KK success!!!!
loop step1 success!!!!1
loop:1
loop_img step2 is success!!!!
loop step2 success!!!!2
loop:2
loop_img step2 is success!!!!
loop step2 success!!!!3
loop:3
update_x:237.671
update_y:171.96
Img has been dealing!
loop_cnt:0
ekf_x:237.671
ekf_y:171.96
Imu is subcribing!!!!!
get_sensor：1
time:0.842395
mav_q  -0.706238
0.000396735
0.000205396
  -0.707975
img_imu is init:1
Step1!!!!:
Predict is entering!!!!
dMq_pre:           1  1.82204e-05 -9.92437e-05  8.79967e-06
-1.82204e-05            1 -8.79967e-06 -9.92437e-05
 9.92437e-05  8.79967e-06            1 -1.82204e-05
-8.79967e-06  9.92437e-05  1.82204e-05            1
Phi_1 is ok!!
Phi all is ok!!
GG all is ok!!
Pre_x:237.861
Pre_y:170.241
Predict is success!!!!
loop_cnt:1
ekf_x:237.861
ekf_y:170.241
Imu is subcribing!!!!!
get_sensor：1
time:0.861276
mav_q  -0.706219
0.000402228
0.000190052
  -0.707993
img_imu is init:1
Step1!!!!:
Predict is entering!!!!
dMq_pre:           1  2.56108e-05 -0.000133826 -3.66356e-05
-2.56108e-05            1  3.66356e-05 -0.000133826
 0.000133826 -3.66356e-05            1 -2.56108e-05
 3.66356e-05  0.000133826  2.56108e-05            1
Phi_1 is ok!!
Phi all is ok!!
GG all is ok!!
Pre_x:238.062
Pre_y:168.478
Predict is success!!!!
loop_cnt:2
ekf_x:238.062
ekf_y:168.478
IMG is coming!!!!!
img_x:237
img_y:178
Imu is subcribing!!!!!
get_sensor：1
time:0.878243
mav_q   -0.70619
0.000419526
0.000150069
  -0.708022
img_imu is init:1
Step1!!!!:
dMq_pre:           1  2.78371e-05 -9.96252e-05 -2.84054e-05
-2.78371e-05            1  2.84054e-05 -9.96252e-05
 9.96252e-05 -2.84054e-05            1 -2.78371e-05
 2.84054e-05  9.96252e-05  2.78371e-05            1
Phi_1 is ok!!
Phi all is ok!!
GG all is ok!!
IMG_x:237
IMG_y:178
loop KK success!!!!
loop step1 success!!!!1
loop:1
loop_img step2 is success!!!!
loop step2 success!!!!2
loop:2
loop_img step2 is success!!!!
loop step2 success!!!!3
loop:3
update_x:237.931
update_y:170.11
Img has been dealing!
loop_cnt:0
ekf_x:237.931
ekf_y:170.11
Imu is subcribing!!!!!
get_sensor：1
time:0.898051
mav_q  -0.706157
0.000444358
0.000134289
  -0.708056
img_imu is init:1
Step1!!!!:
Predict is entering!!!!
dMq_pre:           1  5.95165e-05 -0.000181461  -7.9776e-05
-5.95165e-05            1   7.9776e-05 -0.000181461
 0.000181461  -7.9776e-05            1 -5.95165e-05
  7.9776e-05  0.000181461  5.95165e-05            1
Phi_1 is ok!!
Phi all is ok!!
GG all is ok!!
Pre_x:238.311
Pre_y:167.595
Predict is success!!!!
loop_cnt:1
ekf_x:238.311
ekf_y:167.595
Imu is subcribing!!!!!
get_sensor：1
time:0.922141
mav_q  -0.706128
0.000467578
8.27938e-05
  -0.708084
img_imu is init:1
Step1!!!!:
Predict is entering!!!!
dMq_pre:           1  6.88957e-05 -0.000221204 -4.81027e-05
-6.88957e-05            1  4.81027e-05 -0.000221204
 0.000221204 -4.81027e-05            1 -6.88957e-05
 4.81027e-05  0.000221204  6.88957e-05            1
Phi_1 is ok!!
Phi all is ok!!
GG all is ok!!
Pre_x:238.784
Pre_y:164.442
Predict is success!!!!
loop_cnt:2
ekf_x:238.784
ekf_y:164.442
IMG is coming!!!!!
img_x:237
img_y:178
Imu is subcribing!!!!!
get_sensor：1
time:0.944563
mav_q  -0.706144
 0.00049892
8.86909e-05
  -0.708068
img_imu is init:1
Step1!!!!:
dMq_pre:           1  3.71246e-05 -0.000223315 -5.86007e-05
-3.71246e-05            1  5.86007e-05 -0.000223315
 0.000223315 -5.86007e-05            1 -3.71246e-05
 5.86007e-05  0.000223315  3.71246e-05            1
Phi_1 is ok!!
Phi all is ok!!
GG all is ok!!
IMG_x:237
IMG_y:178
loop KK success!!!!
loop step1 success!!!!1
loop:1
loop_img step2 is success!!!!
loop step2 success!!!!2
loop:2
loop_img step2 is success!!!!
loop step2 success!!!!3
loop:3
update_x:238.824
update_y:165.695
Img has been dealing!
loop_cnt:0
ekf_x:238.824
ekf_y:165.695
Imu is subcribing!!!!!
get_sensor：1
time:0.958826
mav_q  -0.706133
 0.00049162
7.14217e-05
  -0.708079
img_imu is init:1
Step1!!!!:
Predict is entering!!!!
dMq_pre:           1  0.000105119 -0.000279264 -1.42343e-05
-0.000105119            1  1.42343e-05 -0.000279264
 0.000279264 -1.42343e-05            1 -0.000105119
 1.42343e-05  0.000279264  0.000105119            1
Phi_1 is ok!!
Phi all is ok!!
GG all is ok!!
Pre_x:239.299
Pre_y:163.104
Predict is success!!!!
loop_cnt:1
ekf_x:239.299
ekf_y:163.104
IMG is coming!!!!!
img_x:238
img_y:178
Imu is subcribing!!!!!
get_sensor：1
time:0.982302
mav_q  -0.706128
0.000462064
6.20329e-05
  -0.708084
img_imu is init:1
Step1!!!!:
dMq_pre:           1  7.16395e-05   -0.0002742 -4.17138e-05
-7.16395e-05            1  4.17138e-05   -0.0002742
   0.0002742 -4.17138e-05            1 -7.16395e-05
 4.17138e-05    0.0002742  7.16395e-05            1
Phi_1 is ok!!
Phi all is ok!!
GG all is ok!!
IMG_x:238
IMG_y:178
loop KK success!!!!
loop step1 success!!!!1
loop:1
loop_img step2 is success!!!!
loop step2 success!!!!2
loop:2
update_x:239.611
update_y:165.581
Img has been dealing!
loop_cnt:0
ekf_x:239.611
ekf_y:165.581
Imu is subcribing!!!!!
get_sensor：1
time:1.0004
mav_q  -0.706114
0.000459764
2.33624e-05
  -0.708098
img_imu is init:1
Step1!!!!:
Predict is entering!!!!
dMq_pre:           1   9.1695e-05 -0.000356713 -4.75205e-05
 -9.1695e-05            1  4.75205e-05 -0.000356713
 0.000356713 -4.75205e-05            1  -9.1695e-05
 4.75205e-05  0.000356713   9.1695e-05            1
Phi_1 is ok!!
Phi all is ok!!
GG all is ok!!
Pre_x:240.488
Pre_y:161.637
Predict is success!!!!
loop_cnt:1
ekf_x:240.488
ekf_y:161.637
IMG is coming!!!!!
img_x:238
img_y:178
Imu is subcribing!!!!!
get_sensor：1
time:1.01979
mav_q  -0.706119
0.000452867
4.56632e-05
  -0.708093
img_imu is init:1
Step1!!!!:
dMq_pre:           1  0.000118472 -0.000392472 -4.66899e-05
-0.000118472            1  4.66899e-05 -0.000392472
 0.000392472 -4.66899e-05            1 -0.000118472
 4.66899e-05  0.000392472  0.000118472            1
Phi_1 is ok!!
Phi all is ok!!
GG all is ok!!
IMG_x:238
IMG_y:178
loop KK success!!!!
loop step1 success!!!!1
loop:1
loop_img step2 is success!!!!
loop step2 success!!!!2
loop:2
update_x:240.578
update_y:163.681
Img has been dealing!
loop_cnt:0
ekf_x:240.578
ekf_y:163.681
Imu is subcribing!!!!!
get_sensor：1
time:1.03799
mav_q  -0.706115
0.000440228
6.89556e-05
  -0.708097
img_imu is init:1
Step1!!!!:
Predict is entering!!!!
dMq_pre:           1  0.000164181 -0.000424881 -4.61663e-05
-0.000164181            1  4.61663e-05 -0.000424881
 0.000424881 -4.61663e-05            1 -0.000164181
 4.61663e-05  0.000424881  0.000164181            1
Phi_1 is ok!!
Phi all is ok!!
GG all is ok!!
Pre_x:241.661
Pre_y:158.949
Predict is success!!!!
loop_cnt:1
ekf_x:241.661
ekf_y:158.949
IMG is coming!!!!!
img_x:237
img_y:178
Imu is subcribing!!!!!
get_sensor：1
time:1.05984
mav_q  -0.706106
0.000475236
 7.6236e-05
  -0.708107
img_imu is init:1
Step1!!!!:
dMq_pre:           1  0.000178691 -0.000442452 -6.84102e-05
-0.000178691            1  6.84102e-05 -0.000442452
 0.000442452 -6.84102e-05            1 -0.000178691
 6.84102e-05  0.000442452  0.000178691            1
Phi_1 is ok!!
Phi all is ok!!
GG all is ok!!
IMG_x:237
IMG_y:178
loop KK success!!!!
loop step1 success!!!!1
loop:1
loop_img step2 is success!!!!
loop step2 success!!!!2
loop:2
update_x:241.4
update_y:160.064
Img has been dealing!
loop_cnt:0
ekf_x:241.4
ekf_y:160.064
Imu is subcribing!!!!!
get_sensor：1
time:1.08032
mav_q   -0.70612
0.000470432
7.15409e-05
  -0.708092
img_imu is init:1
Step1!!!!:
Predict is entering!!!!
dMq_pre:           1  0.000221614 -0.000605812 -0.000143711
-0.000221614            1  0.000143711 -0.000605812
 0.000605812 -0.000143711            1 -0.000221614
 0.000143711  0.000605812  0.000221614            1
Phi_1 is ok!!
Phi all is ok!!
GG all is ok!!
Pre_x:242.588
Pre_y:153.9
Predict is success!!!!
loop_cnt:1
ekf_x:242.588
ekf_y:153.9
Imu is subcribing!!!!!
get_sensor：1
time:1.10145
mav_q   -0.70611
0.000470224
0.000134478
  -0.708103
img_imu is init:1
Step1!!!!:
Predict is entering!!!!
dMq_pre:           1  0.000173951 -0.000560177 -5.94562e-05
-0.000173951            1  5.94562e-05 -0.000560177
 0.000560177 -5.94562e-05            1 -0.000173951
 5.94562e-05  0.000560177  0.000173951            1
Phi_1 is ok!!
Phi all is ok!!
GG all is ok!!
Pre_x:243.834
Pre_y:147.358
Predict is success!!!!
loop_cnt:2
ekf_x:243.834
ekf_y:147.358
IMG is coming!!!!!
img_x:237
img_y:178
Imu is subcribing!!!!!
get_sensor：1
time:1.11791
mav_q  -0.706097
0.000494127
0.000113118
  -0.708115
img_imu is init:1
Step1!!!!:
dMq_pre:           1  0.000202344 -0.000529957 -9.31866e-05
-0.000202344            1  9.31866e-05 -0.000529957
 0.000529957 -9.31866e-05            1 -0.000202344
 9.31866e-05  0.000529957  0.000202344            1
Phi_1 is ok!!
Phi all is ok!!
GG all is ok!!
IMG_x:237
IMG_y:178
loop KK success!!!!
loop step1 success!!!!1
loop:1
loop_img step2 is success!!!!
loop step2 success!!!!2
loop:2
loop_img step2 is success!!!!
loop step2 success!!!!3
loop:3
update_x:243.389
update_y:149.153
Img has been dealing!
loop_cnt:0
ekf_x:243.389
ekf_y:149.153
Imu is subcribing!!!!!
get_sensor：1
time:1.13964
mav_q  -0.706112
0.000496797
7.91449e-05
    -0.7081
img_imu is init:1
Step1!!!!:
Predict is entering!!!!
dMq_pre:           1  0.000212949 -0.000770174  -0.00012739
-0.000212949            1   0.00012739 -0.000770174
 0.000770174  -0.00012739            1 -0.000212949
  0.00012739  0.000770174  0.000212949            1
Phi_1 is ok!!
Phi all is ok!!
GG all is ok!!
Pre_x:243.787
Pre_y:140.942
Predict is success!!!!
loop_cnt:1
ekf_x:243.787
ekf_y:140.942
IMG is coming!!!!!
img_x:238
img_y:178
Imu is subcribing!!!!!
get_sensor：1
time:1.16235
mav_q  -0.706119
0.000485314
3.19726e-05
  -0.708094
img_imu is init:1
Step1!!!!:
dMq_pre:           1  0.000192572 -0.000730043 -8.80521e-05
-0.000192572            1  8.80521e-05 -0.000730043
 0.000730043 -8.80521e-05            1 -0.000192572
 8.80521e-05  0.000730043  0.000192572            1
Phi_1 is ok!!
Phi all is ok!!
GG all is ok!!
IMG_x:238
IMG_y:178
loop KK success!!!!
loop step1 success!!!!1
loop:1
loop_img step2 is success!!!!
loop step2 success!!!!2
loop:2
update_x:242.152
update_y:148.269
Img has been dealing!
loop_cnt:0
ekf_x:242.152
ekf_y:148.269
Imu is subcribing!!!!!
get_sensor：1
time:1.18261
mav_q  -0.706153
0.000499486
4.72043e-05
  -0.708059
img_imu is init:1
Step1!!!!:
Predict is entering!!!!
dMq_pre:           1  0.000198052  -0.00088132 -0.000127988
-0.000198052            1  0.000127988  -0.00088132
  0.00088132 -0.000127988            1 -0.000198052
 0.000127988   0.00088132  0.000198052            1
Phi_1 is ok!!
Phi all is ok!!
GG all is ok!!
Pre_x:241.159
Pre_y:139.427
Predict is success!!!!
loop_cnt:1
ekf_x:241.159
ekf_y:139.427
Imu is subcribing!!!!!
get_sensor：1
time:1.20223
mav_q   -0.70616
0.000533598
3.74468e-05
  -0.708052
img_imu is init:1
Step1!!!!:
Predict is entering!!!!
dMq_pre:           1  0.000280547 -0.000861439 -0.000112939
-0.000280547            1  0.000112939 -0.000861439
 0.000861439 -0.000112939            1 -0.000280547
 0.000112939  0.000861439  0.000280547            1
Phi_1 is ok!!
Phi all is ok!!
GG all is ok!!
Pre_x:240.139
Pre_y:130.495
Predict is success!!!!
loop_cnt:2
ekf_x:240.139
ekf_y:130.495
IMG is coming!!!!!
img_x:238
img_y:178
Imu is subcribing!!!!!
get_sensor：1
time:1.22342
mav_q  -0.706145
0.000568499
2.80735e-05
  -0.708067
img_imu is init:1
Step1!!!!:
dMq_pre:           1  0.000262607 -0.000905829 -0.000156864
-0.000262607            1  0.000156864 -0.000905829
 0.000905829 -0.000156864            1 -0.000262607
 0.000156864  0.000905829  0.000262607            1
Phi_1 is ok!!
Phi all is ok!!
GG all is ok!!
IMG_x:238
IMG_y:178
loop KK success!!!!
loop step1 success!!!!1
loop:1
loop_img step2 is success!!!!
loop step2 success!!!!2
loop:2
loop_img step2 is success!!!!
loop step2 success!!!!3
loop:3
update_x:237.795
update_y:136.749
Img has been dealing!
loop_cnt:0
ekf_x:237.795
ekf_y:136.749
Imu is subcribing!!!!!
get_sensor：1
time:1.24259
mav_q  -0.706168
0.000547924
  1.312e-05
  -0.708044
img_imu is init:1
Step1!!!!:
Predict is entering!!!!
dMq_pre:           1  0.000331722 -0.000989559 -0.000184634
-0.000331722            1  0.000184634 -0.000989559
 0.000989559 -0.000184634            1 -0.000331722
 0.000184634  0.000989559  0.000331722            1
Phi_1 is ok!!
Phi all is ok!!
GG all is ok!!
Pre_x:234.155
Pre_y:127.062
Predict is success!!!!
loop_cnt:1
ekf_x:234.155
ekf_y:127.062
IMG is coming!!!!!
img_x:237
img_y:179
Imu is subcribing!!!!!
get_sensor：1
time:1.26592
mav_q  -0.706176
0.000553819
1.73491e-05
  -0.708037
img_imu is init:1
Step1!!!!:
dMq_pre:           1  0.000266645 -0.000972577 -0.000118267
-0.000266645            1  0.000118267 -0.000972577
 0.000972577 -0.000118267            1 -0.000266645
 0.000118267  0.000972577  0.000266645            1
Phi_1 is ok!!
Phi all is ok!!
GG all is ok!!
IMG_x:237
IMG_y:179
loop KK success!!!!
loop step1 success!!!!1
loop:1
loop_img step2 is success!!!!
loop step2 success!!!!2
loop:2
update_x:231.847
update_y:141.637
Img has been dealing!
loop_cnt:0
ekf_x:231.847
ekf_y:141.637
Imu is subcribing!!!!!
get_sensor：1
time:1.28197
mav_q  -0.706214
0.000556512
  7.878e-06
  -0.707998
img_imu is init:1
Step1!!!!:
Predict is entering!!!!
dMq_pre:           1  0.000367879 -0.000915282 -0.000162392
-0.000367879            1  0.000162392 -0.000915282
 0.000915282 -0.000162392            1 -0.000367879
 0.000162392  0.000915282  0.000367879            1
Phi_1 is ok!!
Phi all is ok!!
GG all is ok!!
Pre_x:226.9
Pre_y:133.922
Predict is success!!!!
loop_cnt:1
ekf_x:226.9
ekf_y:133.922
Imu is subcribing!!!!!
get_sensor：1
time:1.30474
mav_q  -0.706232
0.000524099
-7.5208e-06
  -0.707981
img_imu is init:1
Step1!!!!:
Predict is entering!!!!
dMq_pre:           1   0.00034871 -0.000939805 -8.99164e-05
 -0.00034871            1  8.99164e-05 -0.000939805
 0.000939805 -8.99164e-05            1  -0.00034871
 8.99164e-05  0.000939805   0.00034871            1
Phi_1 is ok!!
Phi all is ok!!
GG all is ok!!
Pre_x:219.499
Pre_y:122.868
Predict is success!!!!
loop_cnt:2
ekf_x:219.499
ekf_y:122.868
IMG is coming!!!!!
img_x:238
img_y:177
Imu is subcribing!!!!!
get_sensor：1
time:1.32131
mav_q   -0.70625
0.000509609
1.03985e-05
  -0.707963
img_imu is init:1
Step1!!!!:
dMq_pre:           1  0.000335421 -0.000920232  -0.00015358
-0.000335421            1   0.00015358 -0.000920232
 0.000920232  -0.00015358            1 -0.000335421
  0.00015358  0.000920232  0.000335421            1
Phi_1 is ok!!
Phi all is ok!!
GG all is ok!!
IMG_x:238
IMG_y:177
loop KK success!!!!
loop step1 success!!!!1
loop:1
loop_img step2 is success!!!!
loop step2 success!!!!2
loop:2
loop_img step2 is success!!!!
loop step2 success!!!!3
loop:3
update_x:220.568
update_y:137.761
Img has been dealing!
loop_cnt:0
ekf_x:220.568
ekf_y:137.761
Imu is subcribing!!!!!
get_sensor：1
time:1.34031
mav_q   -0.706267
 0.000495302
-1.39827e-05
   -0.707945
img_imu is init:1
Step1!!!!:
Predict is entering!!!!
dMq_pre:           1  0.000455342 -0.000619849 -0.000208913
-0.000455342            1  0.000208913 -0.000619849
 0.000619849 -0.000208913            1 -0.000455342
 0.000208913  0.000619849  0.000455342            1
Phi_1 is ok!!
Phi all is ok!!
GG all is ok!!
Pre_x:214.382
Pre_y:131.349
Predict is success!!!!
loop_cnt:1
ekf_x:214.382
ekf_y:131.349
IMG is coming!!!!!
img_x:237
img_y:178
Imu is subcribing!!!!!
get_sensor：1
time:1.3618
mav_q  -0.706281
0.000510698
-3.1917e-05
  -0.707931
img_imu is init:1
Step1!!!!:
dMq_pre:           1  0.000464603 -0.000661098 -0.000212982
-0.000464603            1  0.000212982 -0.000661098
 0.000661098 -0.000212982            1 -0.000464603
 0.000212982  0.000661098  0.000464603            1
Phi_1 is ok!!
Phi all is ok!!
GG all is ok!!
IMG_x:237
IMG_y:178
loop KK success!!!!
loop step1 success!!!!1
loop:1
loop_img step2 is success!!!!
loop step2 success!!!!2
loop:2
update_x:223.223
update_y:153.592
Img has been dealing!
loop_cnt:0
ekf_x:223.223
ekf_y:153.592
Imu is subcribing!!!!!
get_sensor：1
time:1.37906
mav_q   -0.706289
 0.000508251
-8.53926e-06
   -0.707924
img_imu is init:1
Step1!!!!:
Predict is entering!!!!
dMq_pre:           1  0.000520699 -0.000309053 -0.000319894
-0.000520699            1  0.000319894 -0.000309053
